Accuracy: 0.8810350681058875
Accuracy: 134039.85954939402
